"X" <-
c(-1.93055, -3.30081, 1.86201, 1.35342, -0.166104, 2.51266, -0.00733938, 0.70042, 0.823987, -0.562151, -2.44262, 0.887741, -0.10121, -1.86678, -0.905857, 0.501409, -1.68966, -1.12292, 0.247775, 0.289116, -0.97141, -0.204641, 0.876482, -1.9092, 0.280322, 0.26709, -0.855445, -0.521791, -0.411498, -0.39067, -0.851823, 0.654676, 0.962994, -1.15478, 0.927171, -2.23343, -0.340595, 0.451752, -1.51167, 1.36779, -0.949921, -1.95829, 2.13478, 0.919997, 1.26679, 5.11438, -2.1214, 0.910913, 0.0495371, 1.81226, 1.95774, 1.7761, 0.532868, -1.66554, -1.1374, 0.539928, 1.44972, 2.53485, -2.97881, -1.62168, -0.155966, 1.99811, -1.46072, 1.15126, -0.182434, 2.57826, 0.735018, -0.472203, -0.256495, 1.31017, 1.32223, 0.394445, 2.50898, -0.844794, 2.81132, -1.21162, -0.606918, 2.19692, 0.020149, -0.737238, 0.265367, -0.999235, 1.57049, -1.4757, -1.67373, 0.13985, 0.578419, -0.0730328, 0.399456, -0.736671, 0.274801, -0.982519, 3.40308, -0.346311, -1.10686, 0.400543, 0.87225, 1.40473, 0.724313, 3.05939, -0.434065, 2.8047, 1.90257, 1.11823, -1.19559, -0.667015, 0.0526833, 1.30238, 0.26148, 0.667363, -0.534301, 0.367245, -1.25082, -0.504433, 1.83594, 0.667275, -2.62789, 0.814087, -0.818725, -0.196384, 1.89365, 1.66105, -1.56261, 1.70696, -3.55063, 0.355567, 0.814681, -2.09912, 2.50817, 0.697599, -2.00184, -2.06536, -0.430984, 2.69808, 0.038648, -1.34226, -1.5484, -1.41217, -1.12409, 1.26176, 0.723693, -1.28418, -0.76288, 0.586111, -0.209231, -1.87071, -0.388998, -0.29615, -0.0150341, 1.57235, 3.22901, 1.1329, 1.03827, 1.50354, -2.00185, 1.23517, -0.354749, 0.228663, -2.20094, 2.30616, -0.053732, -0.545731, 0.0868663, 1.56738, 1.10169, 1.67107, 1.67563, 0.270958, -0.236481, 1.27436, -0.45932, -0.472559, 1.01447, 0.895104, 0.52685, -0.376978, -1.04732, -0.245567, 1.09889, -3.86313, -2.19303, 1.86331, -0.620342, -1.07342, 1.45435, -2.18611, -1.02461, 0.323873, -0.736776, 0.540094, 0.654746, -0.770452, -2.97628, -0.80762, -2.47525, -1.02518, -1.86723, 0.142391, 0.670638, -0.24013, -0.0500664, 1.04174, -0.878073, 1.60987, -0.627403, 0.577772, -0.120423, -0.869474, -0.119886, 0.653932, -0.584489, -1.52956, 0.10237, -0.124516, -0.724344, -1.20265, 0.022698, 0.709332, 3.97719, 1.54193, 3.04136, -0.302525, 0.252534, 0.791393, -1.15678, -1.81921, -1.96806, -1.78076, -0.697409, -0.795474, 0.813696, -0.162905, -1.70488, -1.93467, 0.499665, -2.16358, -0.00941366, 1.31419, -1.25997, 1.44283, 0.692088, -0.664129, -0.5197, 1.66859, -0.449625, -2.52591, -2.92524, 0.719182, 0.170555, -1.0974, -0.381088, -0.345461, 1.27516, 1.53009, -0.164034, -1.36161, 0.272175, 2.28053, 0.00224982, -0.166016, -0.152462, -1.93339, 0.0430004, 0.47665, -4.1489, -2.3102, 0.447339, -0.263984, -0.284869, 0.101275, -1.64473, 0.13159, 1.05352, -1.71625, 0.538106, -0.950287, 0.877978, 0.977255, 1.7457, 0.909721, -0.286388, 0.839381, 0.546756, -0.121875, 1.28702, 1.36387, -1.27165, 0.28554, 0.00289644, 2.40882, -1.56968, -0.804941, -2.66557, -2.48924, 3.30619, 0.192759, 1.91739, -0.774379, 0.0732821, -1.68351, -3.20081, 2.85401, 0.180462, -1.09672, -0.107584, 2.42488, 0.136886, 2.35723, -0.316817, -1.1098, 2.08159, -2.83283, 1.1634, 2.04164, -0.0923929, 1.15828, 2.57264, -0.357181, 0.136271, 0.119331, -0.815532, 3.49919, -0.217654, 2.07448, -0.085327, -0.229214, 0.512359, 0.917447, -1.35453, 1.58426, 0.823477, -0.17781, 0.924934, -0.592658, 1.01675, -2.27499, 0.267604, 0.22537, 0.901176, 2.17502, -0.521538, 1.34339, -0.330048, -0.515467, -0.443168, 0.370801, -2.17511, -0.587709, -0.659136, -2.72732, 1.74285, -0.826035, -0.696427, 2.45727, 0.406651, -0.40599, -0.824242, 2.28073, -1.71779, -0.317175, 0.200499, -1.12323, 0.298642, -1.14909, 0.48172, -0.136228, 1.11449, 0.131763, -1.39358, -0.198768, -0.272682, 1.99799, 0.523297, -0.28125, -0.849966, 0.154661, -1.6529, -2.85242, 1.03659, -0.10309, 2.89457, 2.78844, 1.61491, -0.647144, -0.23844, 1.61953, 1.40281, -1.24821, 0.124382, 0.162507, -1.41893, 1.6125, -2.57428, -1.71938, -0.144024, 0.138984, -1.68775, 1.4923, -0.335559, -1.27204, 0.119584, -0.736741, -2.69843, -2.87168, 0.296679, -0.851173, -2.0773, 0.937563, 0.565125, -1.29444, 1.60928, -0.897291, -0.12825, -0.396469, 0.489385, 1.76168, 0.444223, 0.386266, 0.197962, -1.09219, -0.370609, -1.71561, 1.39493, -0.286052, -1.77292, 1.02974, 0.409517, 0.798286, 0.196882, -1.45408, -2.19643, -0.637601, 1.18171, -1.63002, 0.631105, 1.09072, 0.47585, 1.50463, 0.804854, -0.128224, -1.63691, -3.21642, -0.1215, -1.64746, 0.594312, 1.81607, -0.242022, -1.68249, -2.42365, -0.0376374, -0.415342, 1.16622, -0.446209, 1.05592, 0.573446, 1.79424, 0.888139, -1.5952, 0.393288, -2.6466, -1.38044, -0.818439, -1.19365, 0.433049, -1.6457, 3.08955, 0.968421, 1.24559, 1.66556, -4.2009, -0.680045, 0.0417363, 0.852903, 2.66533, 0.515608, 0.174954, 1.85013, 0.378077, -0.317331, -1.36986, -2.43755, -0.790247, -0.835724, -0.691206, 0.0584426, 1.57359, -0.976166, -2.00162, -0.114776, -1.16306, 2.35557, 1.52557, 3.67695, -1.33307, 0.891668, 0.666667, -0.780974, 1.37717, -0.281454, -1.31206, 0.388208, -1.21535, -1.00487, -0.209549, -0.0279256, -1.03189, -2.13715, 0.494223, 2.0166, 0.420166, -1.39233, 1.26878, -0.41061, 2.18424, 0.461492, -1.97086, -0.782424, 2.00378, 1.75023, -0.867502, 0.331057, -0.58422, -1.99789, -2.30418, 2.71386, 0.352488, 0.913075, -1.36193, 1.78549, -0.369724, -1.26035, -2.21722, -0.788582, -0.0119451, 1.66745, -0.741312, -2.08748, 0.836923, -0.481646, 0.030347, 1.1704, -0.0985821, 0.571422, -0.296018, 1.42565, -0.531133, -4.06562, -0.0874046, -0.41925, 2.59701, 2.47208, -0.609003, 2.40799, 1.41195, 1.28053, 0.156419, -0.538846, -0.512612, 0.607856, 0.770755, 0.543712, 0.793166, -1.28709, -1.6362, -0.736141, -1.13539, 1.00298, -1.1574, 0.817066, 2.40164, -1.24986, 0.822631, -0.0721587, -0.471114, 1.33579, 0.0197887, -0.116358, 1.40929, -0.224853, -1.1326, 0.645676, 2.05844, 0.327691, -0.537894, -3.10455, 2.75336, 2.378, 1.47096, 1.58539, -1.12614, 0.340017, -0.000315344, 1.66017, -0.468118, 0.996689, 0.37184, 2.25835, 1.0369, 1.36523, 1.21548, -0.177623, 1.78399, 2.29294, -0.766601, 1.28011, -1.11387, -1.48269, -0.598867, 1.03262, 2.13707, 0.00849534, -0.695383, 0.812919, -0.527457, -0.0850543, 0.521575, 1.42968, 0.771062, -1.11573, 1.975, 0.254635, 1.07045, -0.579822, -0.451137, -2.19647, -0.226386, 3.13274, 0.509625, 3.25072, 0.59708, 0.024485, -0.799585, 0.983784, -0.233629, -1.82083, 0.614803, 2.88642, 0.289123, -0.1813, 1.07509, -3.56766, -0.420122, -2.83259, -3.71632, 1.00608, 0.015822, 0.145873, -0.270454, 0.715039, 0.485935, 1.33541, 0.494369, -0.212253, 1.14303, 0.994777, 0.131402, 0.628051, 1.59516, 0.741577, -0.91135, 0.254606, 0.455222, 2.73469, 0.678222, 2.1917, -2.29392, -0.552021, -0.33887, 1.12078, -0.14397, -0.58825, 1.7718, 1.81313, -1.00409, 0.9675, 0.133868, 0.676542, -1.51648, -0.715924, -0.864648, -1.41368, 1.35391, 0.528956, 1.61217, 0.178101, 2.66797, -0.593069, 0.757045, 2.51203, -2.73009, 2.86903, 0.984144, -1.94211, 1.91459, 0.606453, -0.385472, 0.328244, 1.58685, -1.3569, 0.749575, -1.50859, 3.14295, 0.903274, 0.0346389, 0.0190102, -0.321583, 1.01175, 1.2797, 1.29975, 2.43819, -1.74524, -0.39293, 0.160933, -1.77327, 0.950947, -0.533242, -1.21826, 2.15538, -1.05388, -3.28074, 0.626624, 0.824376, -0.774933, -1.41655, 2.0848, -2.70789, -1.959, -3.49056, 0.232343, -0.781844, 0.233963, -0.336031, 0.0786753, -1.18199, 1.68832, -0.283344, 0.953669, -1.75179, 1.0591, -0.780393, 2.73001, -1.46159, -2.19579, -1.43205, -0.961155, 0.432812, 0.427029, 1.08689, -1.52741, -0.608088, 0.700544, 0.517238, -0.166748, 1.56119, -1.83485, -2.13959, 1.47518, -2.15514, -1.79941, 0.825391, 0.402275, -0.12917, 2.1408, -0.748757, 0.504776, 5.07071, -1.80749, 0.77028, 0.969659, -1.29933, 0.528522, -0.984857, 0.649377, 0.523094, -1.36638, 2.40903, -2.25269, 0.154567, -1.09853, 1.5278, 0.666061, -0.168407, 0.70552, -0.674434, -1.36353, 0.839865, -0.722658, 0.0574621, 0.456857, -1.96262, 2.00093, -1.02458, -2.04523, 0.340526, -0.850705, 1.45557, 2.14037, -0.534722, 1.63664, 0.0381684, -1.90317, -0.390589, -2.10769, 